1.43375 2.849194320944224
1.43375 2.849194320944224
1.43832 2.8739200941033367
1.43832 2.8739200941033367
1.43993 2.8774509099389576
1.43993 2.8774509099389576
1.44209 2.8777189028837626
1.44209 2.8777189028837626
1.44254 2.870482209542375
1.44254 2.870482209542375
1.443 2.8634479163597795
1.443 2.8634479163597795
1.44409 2.8693759799457106
1.44409 2.8693759799457106
1.44707 2.8596680865699313
1.44707 2.8596680865699313
1.44725 2.8723041320056124
1.44725 2.8723041320056124
1.45058 2.8862068262292335
1.45058 2.8862068262292335
1.45332 2.8759545428080227
1.45332 2.8759545428080227
1.45786 2.8810630032310045
1.45786 2.8810630032310045
2.85513 2.865848302434266
2.85513 2.865848302434266
2.85774 2.865889659358351
2.85774 2.865889659358351
2.8597 2.8679565504150957
2.8597 2.8679565504150957
2.86186 2.8828961353243274
2.86186 2.8828961353243274
2.86227 2.872525739189597
2.86227 2.872525739189597
2.86245 2.875693699489702
2.86245 2.875693699489702
2.86347 2.8792135119528206
2.86347 2.8792135119528206
2.86386 2.8608525749192633
2.86386 2.8608525749192633
2.86392 2.8741589732824053
2.86392 2.8741589732824053
2.86654 2.8665272821823917
2.86654 2.8665272821823917
2.86854 2.8676676013688267
2.86854 2.8676676013688267
2.87035 2.8723186041024777
2.87035 2.8723186041024777
2.87079 2.852783320970335
2.87079 2.852783320970335
2.87171 2.860144739696035
2.87171 2.860144739696035
2.87457 2.890431180407432
2.87457 2.890431180407432
2.87577 2.8884279369265546
2.87577 2.8884279369265546
2.87612 2.8512787594103237
2.87612 2.8512787594103237
2.87731 2.8747117382861958
2.87731 2.8747117382861958
2.88184 2.8794930048584684
2.88184 2.8794930048584684
2.88231 2.872436042063572
2.88231 2.872436042063572
2.8834 2.877682601420311
2.8834 2.877682601420311
2.88535 2.8697841747776147
2.88535 2.8697841747776147
2.88638 2.8658556591386475
2.88638 2.8658556591386475
2.89263 2.8790929528657996
2.89263 2.8790929528657996
3.50332 2.9518254684341416
3.50332 2.9518254684341416
3.5095 2.944823808012977
3.5095 2.944823808012977
3.51166 2.941165143279207
3.51166 2.941165143279207
3.51568 2.9601909826590225
3.51568 2.9601909826590225
3.5165 2.95840457039697
3.5165 2.95840457039697
3.51679 2.962264690774028
3.51679 2.962264690774028
3.51682 2.947729062520874
3.51682 2.947729062520874
3.51729 2.9575173491611646
3.51729 2.9575173491611646
3.5199 2.9492825610983555
3.5199 2.9492825610983555
3.52027 2.9562580225566015
3.52027 2.9562580225566015
3.52118 2.95979952884549
3.52118 2.95979952884549
3.52227 2.956323677129826
3.52227 2.956323677129826
3.52409 2.943729959043953
3.52409 2.943729959043953
3.52558 2.970657431999689
3.52558 2.970657431999689
3.52794 2.9780080297727083
3.52794 2.9780080297727083
3.52815 2.9464531910576484
3.52815 2.9464531910576484
3.52834 2.955199872508838
3.52834 2.955199872508838
3.5291 2.9515860332459876
3.5291 2.9515860332459876
3.53011 2.9583075273718804
3.53011 2.9583075273718804
3.53559 2.9434476012622586
3.53559 2.9434476012622586
3.53636 2.963617197071913
3.53636 2.963617197071913
3.53833 2.9525276235120517
3.53833 2.9525276235120517
3.53895 2.9543194014421714
3.53895 2.9543194014421714
3.54287 2.943955711460445
3.54287 2.943955711460445
3.91852 2.907977420622478
3.91852 2.907977420622478
3.9247 2.88739057912558
3.9247 2.88739057912558
3.9266 2.9094689613537867
3.9266 2.9094689613537867
3.92893 2.9232582948704358
3.92893 2.9232582948704358
3.92968 2.904151000541599
3.92968 2.904151000541599
3.92975 2.905821628987466
3.92975 2.905821628987466
3.93065 2.9092167262772004
3.93065 2.9092167262772004
3.9313 2.9070630746679242
3.9313 2.9070630746679242
3.93191 2.903668738390125
3.93191 2.903668738390125
3.93251 2.902899150018806
3.93251 2.902899150018806
3.93325 2.8975411660221977
3.93325 2.8975411660221977
3.93415 2.9186529278969986
3.93415 2.9186529278969986
3.93517 2.9102004841314466
3.93517 2.9102004841314466
3.93539 2.9088395985090405
3.93539 2.9088395985090405
3.93597 2.9242695495099125
3.93597 2.9242695495099125
3.93768 2.907751831666803
3.93768 2.907751831666803
3.93792 2.91868182552722
3.93792 2.91868182552722
3.93828 2.9028288099718327
3.93828 2.9028288099718327
3.93951 2.919389365055629
3.93951 2.919389365055629
3.93985 2.895575237188827
3.93985 2.895575237188827
3.94076 2.9230533841098203
3.94076 2.9230533841098203
3.94152 2.9093305847801245
3.94152 2.9093305847801245
3.94192 2.9113326445128673
3.94192 2.9113326445128673
3.942 2.9028996370087143
3.942 2.9028996370087143
3.94244 2.9035147875158986
3.94244 2.9035147875158986
3.94284 2.881058555890109
3.94284 2.881058555890109
3.94308 2.9169915524844026
3.94308 2.9169915524844026
3.94321 2.898110690196132
3.94321 2.898110690196132
3.94617 2.894240156985798
3.94617 2.894240156985798
3.94767 2.9138023673516793
3.94767 2.9138023673516793
3.94786 2.9176853578939355
3.94786 2.9176853578939355
3.94845 2.904532450333811
3.94845 2.904532450333811
3.94929 2.924295581560785
3.94929 2.924295581560785
3.95089 2.911618249493945
3.95089 2.911618249493945
3.95177 2.909041286037037
3.95177 2.909041286037037
3.9523 2.899980592565908
3.9523 2.899980592565908
3.95384 2.907703580197918
3.95384 2.907703580197918
3.95411 2.9115572114563952
3.95411 2.9115572114563952
3.95495 2.9024347783744764
3.95495 2.9024347783744764
3.9558 2.929421900715981
3.9558 2.929421900715981
3.9572 2.9082980511358336
3.9572 2.9082980511358336
3.95994 2.906331095256285
3.95994 2.906331095256285
3.96037 2.921653965763172
3.96037 2.921653965763172
3.96155 2.909096675897549
3.96155 2.909096675897549
3.96463 2.9016106517697287
3.96463 2.9016106517697287
3.96575 2.9163138729705396
3.96575 2.9163138729705396
3.96609 2.9057297395226773
3.96609 2.9057297395226773
3.96957 2.9145978260225935
3.96957 2.9145978260225935
4.21125 2.724690168927197
4.21125 2.724690168927197
4.21874 2.7149341763191845
4.21874 2.7149341763191845
4.22172 2.7122263330197476
4.22172 2.7122263330197476
4.22357 2.731000607839414
4.22357 2.731000607839414
4.2271 2.721188511808687
4.2271 2.721188511808687
4.2287 2.7182276513145505
4.2287 2.7182276513145505
4.23123 2.7276089617007244
4.23123 2.7276089617007244
4.2318 2.711782071381004
4.2318 2.711782071381004
4.23766 2.7101615322700088
4.23766 2.7101615322700088
4.23916 2.727153225455035
4.23916 2.727153225455035
4.2427 2.7092928616543546
4.2427 2.7092928616543546
4.25393 2.7135717835816653
4.25393 2.7135717835816653
4.57289 2.8717909998523266
4.57289 2.8717909998523266
4.57794 2.875244228126535
4.57794 2.875244228126535
4.5833 2.873257864637955
4.5833 2.873257864637955
4.58371 2.8783296735787953
4.58371 2.8783296735787953
4.58662 2.8601962793371296
4.58662 2.8601962793371296
4.58727 2.8853981590897093
4.58727 2.8853981590897093
4.58854 2.8783991290924136
4.58854 2.8783991290924136
4.59093 2.882115746418557
4.59093 2.882115746418557
4.59256 2.8793008123842605
4.59256 2.8793008123842605
4.59445 2.8880010658604265
4.59445 2.8880010658604265
4.59449 2.8727854515800946
4.59449 2.8727854515800946
4.59573 2.8819162111883223
4.59573 2.8819162111883223
4.5971 2.9095201276181397
4.5971 2.9095201276181397
4.59855 2.887589434832246
4.59855 2.887589434832246
4.60024 2.8828790204231862
4.60024 2.8828790204231862
4.60058 2.880547737180402
4.60058 2.880547737180402
4.60382 2.8728682636930976
4.60382 2.8728682636930976
4.6064 2.8807324133453514
4.6064 2.8807324133453514
4.60752 2.8791518226279855
4.60752 2.8791518226279855
4.60793 2.8784367842069063
4.60793 2.8784367842069063
4.60864 2.8711363068892184
4.60864 2.8711363068892184
4.61018 2.87771500883698
4.61018 2.87771500883698
4.61179 2.888738247020533
4.61179 2.888738247020533
4.61527 2.884437609564234
4.61527 2.884437609564234
4.99403 2.9315969636000347
4.99403 2.9315969636000347
4.99617 2.926529654449237
4.99617 2.926529654449237
4.99973 2.9299562904864724
4.99973 2.9299562904864724
5.00212 2.9332875088260133
5.00212 2.9332875088260133
5.0042 2.9183200965256826
5.0042 2.9183200965256826
5.00574 2.925470624621628
5.00574 2.925470624621628
5.01016 2.937869795640927
5.01016 2.937869795640927
5.0119 2.941841171164048
5.0119 2.941841171164048
5.01306 2.9075351223205206
5.01306 2.9075351223205206
5.01393 2.9089006860456124
5.01393 2.9089006860456124
5.01434 2.9312987545128433
5.01434 2.9312987545128433
5.01523 2.930007997187737
5.01523 2.930007997187737
5.01596 2.957276467941255
5.01596 2.957276467941255
5.01711 2.924465844906052
5.01711 2.924465844906052
5.0178 2.92525451812695
5.0178 2.92525451812695
5.02138 2.935841361249427
5.02138 2.935841361249427
5.0241 2.930681392851887
5.0241 2.930681392851887
5.02416 2.9559815467204666
5.02416 2.9559815467204666
5.02543 2.9194522867082067
5.02543 2.9194522867082067
5.02926 2.9266581158378018
5.02926 2.9266581158378018
5.03236 2.940746401957733
5.03236 2.940746401957733
5.03354 2.9256711542205496
5.03354 2.9256711542205496
5.03382 2.928157079150613
5.03382 2.928157079150613
5.03815 2.933347744014557
5.03815 2.933347744014557
5.28082 2.7901911090888114
5.28082 2.7901911090888114
5.28213 2.8122080924082096
5.28213 2.8122080924082096
5.28718 2.8149116536562686
5.28718 2.8149116536562686
5.288 2.803960614955151
5.288 2.803960614955151
5.28807 2.807096111178258
5.28807 2.807096111178258
5.28872 2.7831023112215343
5.28872 2.7831023112215343
5.28891 2.7861252639733816
5.28891 2.7861252639733816
5.29123 2.8184911584679306
5.29123 2.8184911584679306
5.29377 2.8183481690987735
5.29377 2.8183481690987735
5.29383 2.816047463644736
5.29383 2.816047463644736
5.29401 2.799992483089312
5.29401 2.799992483089312
5.29516 2.7872253318610642
5.29516 2.7872253318610642
5.29574 2.8115245671503453
5.29574 2.8115245671503453
5.29594 2.7720815018868423
5.29594 2.7720815018868423
5.29597 2.8226435232240066
5.29597 2.8226435232240066
5.29735 2.8069239954866143
5.29735 2.8069239954866143
5.29799 2.8064743967773884
5.29799 2.8064743967773884
5.29826 2.8068107218127403
5.29826 2.8068107218127403
5.29828 2.781922300381305
5.29828 2.781922300381305
5.29828 2.8170753813415206
5.29828 2.8170753813415206
5.29868 2.7818991719667334
5.29868 2.7818991719667334
5.29963 2.8219604074025977
5.29963 2.8219604074025977
5.30201 2.799341314606301
5.30201 2.799341314606301
5.3021 2.779199971865636
5.3021 2.779199971865636
5.30216 2.7878455938595645
5.30216 2.7878455938595645
5.3037 2.7939996834999627
5.3037 2.7939996834999627
5.30453 2.814099752611163
5.30453 2.814099752611163
5.30499 2.7956702219745324
5.30499 2.7956702219745324
5.30569 2.7828746374016435
5.30569 2.7828746374016435
5.30577 2.80762683380721
5.30577 2.80762683380721
5.30682 2.7867620039689216
5.30682 2.7867620039689216
5.30691 2.790628123284085
5.30691 2.790628123284085
5.30753 2.7970116358607067
5.30753 2.7970116358607067
5.30999 2.7881984426444646
5.30999 2.7881984426444646
5.31125 2.812296360295218
5.31125 2.812296360295218
5.31225 2.8055645477502074
5.31225 2.8055645477502074
5.31287 2.831495681357389
5.31287 2.831495681357389
5.31455 2.8068308781360956
5.31455 2.8068308781360956
5.31466 2.791592753482869
5.31466 2.791592753482869
5.31487 2.7911629338537485
5.31487 2.7911629338537485
5.31497 2.8026532173042757
5.31497 2.8026532173042757
5.31615 2.8022227175998924
5.31615 2.8022227175998924
5.31741 2.7809033598819872
5.31741 2.7809033598819872
5.31769 2.791344442991399
5.31769 2.791344442991399
5.32139 2.812145977224824
5.32139 2.812145977224824
5.3225 2.802989209128821
5.3225 2.802989209128821
5.32284 2.8165829977652788
5.32284 2.8165829977652788
5.32633 2.7875086118714596
5.32633 2.7875086118714596
