# , GPU_energy, GPU_forces, CPU_energy, CPU_forces
1.057004928588867188e-02 7.348060607910156250e-03 1.003260612487792969e-01 3.047409057617187500e-01
9.227991104125976562e-03 1.344704627990722656e-02 1.410868167877197266e-01 3.587031364440917969e-01
2.549409866333007812e-02 3.535985946655273438e-02 3.050348758697509766e-01 7.117788791656494141e-01
1.020641326904296875e-01 1.298670768737792969e-01 1.587409019470214844e+00 2.735673189163208008e+00
2.612478733062744141e-01 3.442640304565429688e-01 4.265665054321289062e+00 7.478423833847045898e+00
5.639550685882568359e-01 7.292730808258056641e-01 1.077622604370117188e+01 1.430868315696716309e+01
1.270551919937133789e+00 1.593306064605712891e+00 2.147780489921569824e+01 1.728351306915283203e+01
2.625596046447753906e+00 3.329284906387329102e+00 2.389130878448486328e+01 2.925849199295043945e+01
4.891753911972045898e+00 6.407927036285400391e+00 3.546450686454772949e+01 5.386834692955017090e+01
