# , GPU_energy, GPU_forces, CPU_energy, CPU_forces
1.250290870666503906e-02 3.685429096221923828e-01 1.023430824279785156e-01 5.988860130310058594e-01
9.689807891845703125e-03 8.491790294647216797e-01 1.576738357543945312e-01 1.028216123580932617e+00
4.120898246765136719e-02 1.927488088607788086e+00 3.856458663940429688e-01 2.192903041839599609e+00
1.265971660614013672e-01 4.097862958908081055e+00 2.046514987945556641e+00 7.800436973571777344e+00
3.474748134613037109e-01 7.216014146804809570e+00 6.002634048461914062e+00 1.948001003265380859e+01
7.507901191711425781e-01 1.172541689872741699e+01 1.481942605972290039e+01 3.493391895294189453e+01
1.671757936477661133e+00 1.613991498947143555e+01 2.268939900398254395e+01 5.069665217399597168e+01
3.420168876647949219e+00 2.287312102317810059e+01 2.705838513374328613e+01 7.713030505180358887e+01
6.517141103744506836e+00 3.664222908020019531e+01 4.673436307907104492e+01 1.362212669849395752e+02
