# sizes, GPU_energy, GPU_forces, CPU_energy, CPU_forces, number of atoms
1.000000000000000000e+01 1.175594329833984375e-02 3.743631839752197266e-01 1.005740165710449219e-01 6.189360618591308594e-01 2.800000000000000000e+01
1.500000000000000000e+01 1.614689826965332031e-02 8.551838397979736328e-01 1.534960269927978516e-01 1.008796930313110352e+00 1.040000000000000000e+02
2.000000000000000000e+01 4.175782203674316406e-02 1.946558952331542969e+00 3.802731037139892578e-01 2.252139806747436523e+00 2.400000000000000000e+02
2.500000000000000000e+01 1.278550624847412109e-01 4.109473943710327148e+00 2.034446001052856445e+00 7.538765192031860352e+00 4.840000000000000000e+02
3.000000000000000000e+01 3.403279781341552734e-01 7.226773023605346680e+00 5.914983034133911133e+00 1.931186509132385254e+01 8.200000000000000000e+02
3.500000000000000000e+01 7.556040287017822266e-01 1.198897385597229004e+01 1.447301602363586426e+01 3.601731705665588379e+01 1.304000000000000000e+03
4.000000000000000000e+01 1.671859979629516602e+00 1.716614389419555664e+01 2.384318494796752930e+01 5.232354998588562012e+01 1.956000000000000000e+03
4.500000000000000000e+01 3.631767988204956055e+00 2.368662190437316895e+01 2.849931001663208008e+01 7.711598396301269531e+01 2.808000000000000000e+03
5.000000000000000000e+01 6.518563985824584961e+00 3.632791185379028320e+01 4.736671996116638184e+01 1.381059749126434326e+02 3.892000000000000000e+03
