1.73395 2.820528752507939
1.73395 2.820528752507939
1.73822 3.043911179646183
1.73822 3.043911179646183
1.77757 2.8616663024237647
1.77757 2.8616663024237647
1.90909 2.7999489730393154
1.90909 2.7999489730393154
1.94844 3.248786016295936
1.94844 3.248786016295936
1.95271 3.242587409543297
1.95271 3.242587409543297
2.16852 2.80505984547778
2.16852 2.80505984547778
2.21489 2.7317836199025676
2.21489 2.7317836199025676
2.23178 2.700131484006104
2.23178 2.700131484006104
2.34367 2.87313351822405
2.34367 2.87313351822405
2.38302 3.0622654751657796
2.38302 3.0622654751657796
2.38577 2.758957779211414
2.38577 2.758957779211414
2.40265 2.942875788132802
2.40265 2.942875788132802
2.40692 2.9126156660017233
2.40692 2.9126156660017233
2.42939 3.039007002713284
2.42939 3.039007002713284
2.44576 2.794966532491164
2.44576 2.794966532491164
2.45003 2.824315554746806
2.45003 2.824315554746806
2.48938 3.0172711728197763
2.48938 3.0172711728197763
2.52678 2.8547133643263156
2.52678 2.8547133643263156
2.57948 2.988949519367876
2.57948 2.988949519367876
2.62917 2.910167097181164
2.62917 2.910167097181164
2.69013 3.034191243044379
2.69013 3.034191243044379
2.70193 3.3190997336576236
2.70193 3.3190997336576236
2.7205 3.0833642512272137
2.7205 3.0833642512272137
2.72948 2.7616636074019763
2.72948 2.7616636074019763
2.75035 2.8975112583163463
2.75035 2.8975112583163463
2.76412 2.8180672261381505
2.76412 2.8180672261381505
2.84366 3.1760956672800273
2.84366 3.1760956672800273
2.85156 2.693485019747418
2.85156 2.693485019747418
2.88572 2.8522401889890188
2.88572 2.8522401889890188
2.90978 2.8910800779277506
2.90978 2.8910800779277506
3.1084 3.006200667777281
3.1084 3.006200667777281
3.12043 2.8641743270614546
3.12043 2.8641743270614546
3.13223 2.6661971537161415
3.13223 2.6661971537161415
3.14169 2.7993177804441456
3.14169 2.7993177804441456
3.1478 2.7260562502889747
3.1478 2.7260562502889747
3.15091 3.3359717203505244
3.15091 3.3359717203505244
3.16776 2.9800785077397105
3.16776 2.9800785077397105
3.19549 2.7322375001622974
3.19549 2.7322375001622974
3.20145 2.7442743923434323
3.20145 2.7442743923434323
3.21483 3.215378028739991
3.21483 3.215378028739991
3.21683 2.674999854744925
3.21683 2.674999854744925
3.2268 3.2810693683583954
3.2268 3.2810693683583954
3.2313 2.9063776077124053
3.2313 2.9063776077124053
3.23303 3.209571588381205
3.23303 3.209571588381205
3.23391 2.765947049509674
3.23391 2.765947049509674
3.24478 3.065140226463088
3.24478 3.065140226463088
3.24819 2.9058022904294933
3.24819 2.9058022904294933
3.26144 3.00389093653822
3.26144 3.00389093653822
3.28099 2.816093690963352
3.28099 2.816093690963352
3.33169 2.975744853137591
3.33169 2.975744853137591
3.33771 3.1557474416539426
3.33771 3.1557474416539426
3.40472 2.9469221935299155
3.40472 2.9469221935299155
3.49186 3.1785327861820614
3.49186 3.1785327861820614
3.53755 2.984286145197154
3.53755 2.984286145197154
3.54501 2.8455655531866824
3.54501 2.8455655531866824
3.57849 2.93472490343048
3.57849 2.93472490343048
3.59807 3.0034807182070438
3.59807 3.0034807182070438
3.60578 2.7792111195698395
3.60578 2.7792111195698395
3.64447 2.7427471450940386
3.64447 2.7427471450940386
3.64507 2.9567164897649016
3.64507 2.9567164897649016
3.67836 3.0786212697874813
3.67836 3.0786212697874813
3.73086 2.8248985754310065
3.73086 2.8248985754310065
3.7421 2.7885125076570683
3.7421 2.7885125076570683
3.75839 2.7596040594416857
3.75839 2.7596040594416857
3.81527 3.1438210048651585
3.81527 3.1438210048651585
3.87349 3.0873803365876693
3.87349 3.0873803365876693
3.87675 2.787916791660462
3.87675 2.787916791660462
3.9006 2.6245525949236654
3.9006 2.6245525949236654
3.90213 2.9884279539807825
3.90213 2.9884279539807825
3.91765 3.0458443638539414
3.91765 3.0458443638539414
3.91845 2.883983672086936
3.91845 2.883983672086936
3.92619 2.996107836189905
3.92619 2.996107836189905
3.94453 2.9472095235341165
3.94453 2.9472095235341165
3.95182 2.7006850158112923
3.95182 2.7006850158112923
3.95224 2.8883787435888197
3.95224 2.8883787435888197
3.96218 3.0835738634719623
3.96218 3.0835738634719623
4.00197 2.9548673389882385
4.00197 2.9548673389882385
4.00566 2.5699056373063285
4.00566 2.5699056373063285
4.01684 2.9059392997734825
4.01684 2.9059392997734825
4.02728 3.0429946039631797
4.02728 3.0429946039631797
4.03375 3.178057570445263
4.03375 3.178057570445263
4.04845 2.7759336963858603
4.04845 2.7759336963858603
4.05419 2.7816845035979143
4.05419 2.7816845035979143
4.07548 2.7958599799462087
4.07548 2.7958599799462087
4.07856 2.965260555696422
4.07856 2.965260555696422
4.07945 2.9084177235188706
4.07945 2.9084177235188706
4.09312 3.1865885838243293
4.09312 3.1865885838243293
4.14214 2.937661105049791
4.14214 2.937661105049791
4.15339 2.9814671845901617
4.15339 2.9814671845901617
4.16014 2.842140903510736
4.16014 2.842140903510736
4.17175 3.0586356701375195
4.17175 3.0586356701375195
4.17266 2.7533824230002977
4.17266 2.7533824230002977
4.17296 2.5313619189144507
4.17296 2.5313619189144507
4.17339 2.9313690499662286
4.17339 2.9313690499662286
4.17421 2.670296719564177
4.17421 2.670296719564177
4.18329 2.8099206714759637
4.18329 2.8099206714759637
4.19827 2.634385622526593
4.19827 2.634385622526593
4.19901 2.9597805772922725
4.19901 2.9597805772922725
4.2184 2.9918819420745786
4.2184 2.9918819420745786
4.22805 2.62636750999264
4.22805 2.62636750999264
4.23244 2.7526843884507626
4.23244 2.7526843884507626
4.26185 2.791649406158451
4.26185 2.791649406158451
4.26391 2.889444671162717
4.26391 2.889444671162717
4.26518 2.5581892146585425
4.26518 2.5581892146585425
4.26738 2.5595946033438053
4.26738 2.5595946033438053
4.30531 2.9291403811156402
4.30531 2.9291403811156402
4.32044 2.9719390532543906
4.32044 2.9719390532543906
4.33673 2.8463262147434607
4.33673 2.8463262147434607
4.34595 2.682391361780686
4.34595 2.682391361780686
4.34711 2.775223709243059
4.34711 2.775223709243059
4.34843 2.7417484636157186
4.34843 2.7417484636157186
4.36849 2.8353868112985188
4.36849 2.8353868112985188
4.37683 2.782096719757489
4.37683 2.782096719757489
4.38961 3.132756632837908
4.38961 3.132756632837908
4.39609 2.812979855654004
4.39609 2.812979855654004
4.40671 3.271957241848699
4.40671 3.271957241848699
4.41187 3.102209028738071
4.41187 3.102209028738071
4.42318 2.808666686549337
4.42318 2.808666686549337
4.43488 2.9424178593900328
4.43488 2.9424178593900328
4.44195 2.942045917221854
4.44195 2.942045917221854
4.44516 2.9367190079797045
4.44516 2.9367190079797045
4.45438 2.937245597998618
4.45438 2.937245597998618
4.46846 2.6418430189053974
4.46846 2.6418430189053974
4.47123 2.7765610055239986
4.47123 2.7765610055239986
4.47484 2.8290602876461914
4.47484 2.8290602876461914
4.476 2.7788700790173504
4.476 2.7788700790173504
4.47689 2.758861823453472
4.47689 2.758861823453472
4.49369 3.174959377309911
4.49369 3.174959377309911
4.49402 3.1932625027492674
4.49402 3.1932625027492674
4.55445 2.6895571411210484
4.55445 2.6895571411210484
4.56212 2.6656765965968687
4.56212 2.6656765965968687
4.58068 2.688240313017807
4.58068 2.688240313017807
4.62073 2.7559674767010076
4.62073 2.7559674767010076
4.62749 2.685993136644483
4.62749 2.685993136644483
4.64522 2.523949600188608
4.64522 2.523949600188608
4.65744 2.6686512229046446
4.65744 2.6686512229046446
4.66069 2.948527160896582
4.66069 2.948527160896582
4.6668 2.81212796910021
4.6668 2.81212796910021
4.678 2.7796763900430475
4.678 2.7796763900430475
4.68665 2.5898027059835567
4.68665 2.5898027059835567
4.71894 2.8542110177221955
4.71894 2.8542110177221955
4.72502 2.767399386036339
4.72502 2.767399386036339
4.73119 2.744643974569159
4.73119 2.744643974569159
4.73322 2.8035968779241913
4.73322 2.8035968779241913
4.74435 2.709953427739003
4.74435 2.709953427739003
4.74457 2.695587024822565
4.74457 2.695587024822565
4.74874 2.9044533700644704
4.74874 2.9044533700644704
4.75348 2.7746293916862497
4.75348 2.7746293916862497
4.78268 2.7130607181730793
4.78268 2.7130607181730793
4.80006 2.8397009658704735
4.80006 2.8397009658704735
4.80311 2.7326620749716066
4.80311 2.7326620749716066
4.82085 2.550720124880344
4.82085 2.550720124880344
4.82607 2.7063630306920903
4.82607 2.7063630306920903
4.83134 3.022732544830926
4.83134 3.022732544830926
4.83148 2.8929029581423165
4.83148 2.8929029581423165
4.83176 2.987505449547784
4.83176 2.987505449547784
4.83378 2.751937731071756
4.83378 2.751937731071756
4.86462 2.906314014331149
4.86462 2.906314014331149
4.86535 2.8960042686925958
4.86535 2.8960042686925958
4.87254 2.922759322621099
4.87254 2.922759322621099
4.87543 2.6935779258817876
4.87543 2.6935779258817876
4.87702 2.693499742046661
4.87702 2.693499742046661
4.8819 3.0693785932440285
4.8819 3.0693785932440285
4.8854 3.028522501622765
4.8854 3.028522501622765
4.90451 2.7894096306914875
4.90451 2.7894096306914875
4.90585 2.973992591077678
4.90585 2.973992591077678
4.90779 2.875997189965382
4.90779 2.875997189965382
4.91554 2.788590749463657
4.91554 2.788590749463657
4.94586 2.657792529201699
4.94586 2.657792529201699
4.95686 2.917394790825064
4.95686 2.917394790825064
4.98569 2.8523332166067656
4.98569 2.8523332166067656
4.98944 2.907559061925106
4.98944 2.907559061925106
5.00278 3.3292922126660476
5.00278 3.3292922126660476
5.00583 2.8017989274634174
5.00583 2.8017989274634174
5.05021 2.792662070176017
5.05021 2.792662070176017
5.05209 2.8904688687385365
5.05209 2.8904688687385365
5.061 2.9448548031500414
5.061 2.9448548031500414
5.06534 2.6545040306082037
5.06534 2.6545040306082037
5.06763 2.7756091723199776
5.06763 2.7756091723199776
5.09222 2.928553936915724
5.09222 2.928553936915724
5.12321 2.7249552990108366
5.12321 2.7249552990108366
5.17527 3.15682485376007
5.17527 3.15682485376007
5.19698 2.8907581844981505
5.19698 2.8907581844981505
5.21355 2.7909464571383196
5.21355 2.7909464571383196
5.23666 2.912621211720379
5.23666 2.912621211720379
5.23811 2.812423678385716
5.23811 2.812423678385716
5.27645 2.8857189436044375
5.27645 2.8857189436044375
5.28072 2.7090571848530822
5.28072 2.7090571848530822
5.28813 2.7355112810478706
5.28813 2.7355112810478706
5.33919 2.775439403741843
5.33919 2.775439403741843
5.3464 3.2849818844443743
5.3464 3.2849818844443743
5.34683 2.8136394552047395
5.34683 2.8136394552047395
5.35817 2.8533171211326
5.35817 2.8533171211326
5.35965 2.618725191067131
5.35965 2.618725191067131
5.374 2.5799459425941005
5.374 2.5799459425941005
5.40661 2.817841746743913
5.40661 2.817841746743913
5.42032 2.743020451417668
5.42032 2.743020451417668
5.43684 2.5919349205108815
5.43684 2.5919349205108815
5.4464 2.7407575246842497
5.4464 2.7407575246842497
5.45892 2.8633450304706494
5.45892 2.8633450304706494
5.47234 2.6689058977024485
5.47234 2.6689058977024485
5.49279 2.561332131342293
5.49279 2.561332131342293
5.49287 2.619600835106551
5.49287 2.619600835106551
5.50795 3.2000500900731232
5.50795 3.2000500900731232
5.52779 2.6692391104303206
5.52779 2.6692391104303206
5.56038 2.781924829948133
5.56038 2.781924829948133
5.56349 3.1468700877983196
5.56349 3.1468700877983196
5.56665 2.772441175792055
5.56665 2.772441175792055
5.63542 2.6370670951457575
5.63542 2.6370670951457575
5.68153 2.7532217762043536
5.68153 2.7532217762043536
5.6953 2.817992715806666
5.6953 2.817992715806666
5.69876 2.7676299647981555
5.69876 2.7676299647981555
5.70181 2.7717282118511717
5.70181 2.7717282118511717
5.78156 2.7504870742918093
5.78156 2.7504870742918093
5.81681 2.9648761574472875
5.81681 2.9648761574472875
5.83505 2.9436637418510143
5.83505 2.9436637418510143
5.83686 2.845549595644912
5.83686 2.845549595644912
5.88892 2.7135821940153995
5.88892 2.7135821940153995
5.99507 2.674084633777394
5.99507 2.674084633777394
5.99812 2.8273204468322612
5.99812 2.8273204468322612
6.05286 2.6685035599118456
6.05286 2.6685035599118456
6.06699 2.6558685407482603
6.06699 2.6558685407482603
6.07291 2.8129307003411674
6.07291 2.8129307003411674
6.26025 2.58413510847079
6.26025 2.58413510847079
